   1.0000000e+04   2.0000000e+00   2.0000000e+00   2.0000000e+00   2.0000000e+00   2.0000000e+00   2.0000000e+00   1.0000000e+00   2.0000000e+00   1.0000000e+00   2.0000000e+00   2.0000000e+00   1.0000000e+00   2.0000000e+00   1.0000000e+00   2.0000000e+00   1.0000000e+00   2.0000000e+00   2.0000000e+00   2.0000000e+00   1.0000000e+00   2.0000000e+00   2.0000000e+00   1.0000000e+00   1.0000000e+00   1.0000000e+00   2.0000000e+00   2.0000000e+00   2.0000000e+00   1.0000000e+00
   2.0000000e+00   1.0000000e+04   1.0000000e+00   2.0000000e+00   2.0000000e+00   2.0000000e+00   2.0000000e+00   2.0000000e+00   2.0000000e+00   1.0000000e+00   1.0000000e+00   2.0000000e+00   1.0000000e+00   1.0000000e+00   2.0000000e+00   1.0000000e+00   1.0000000e+00   1.0000000e+00   2.0000000e+00   1.0000000e+00   1.0000000e+00   2.0000000e+00   2.0000000e+00   1.0000000e+00   1.0000000e+00   1.0000000e+00   1.0000000e+00   1.0000000e+00   1.0000000e+00   2.0000000e+00
   1.0000000e+00   2.0000000e+00   1.0000000e+04   1.0000000e+00   1.0000000e+00   2.0000000e+00   1.0000000e+00   2.0000000e+00   1.0000000e+00   2.0000000e+00   2.0000000e+00   2.0000000e+00   1.0000000e+00   1.0000000e+00   2.0000000e+00   1.0000000e+00   2.0000000e+00   1.0000000e+00   2.0000000e+00   2.0000000e+00   2.0000000e+00   2.0000000e+00   2.0000000e+00   2.0000000e+00   1.0000000e+00   1.0000000e+00   2.0000000e+00   1.0000000e+00   2.0000000e+00   1.0000000e+00
   2.0000000e+00   1.0000000e+00   1.0000000e+00   1.0000000e+04   2.0000000e+00   2.0000000e+00   1.0000000e+00   1.0000000e+00   1.0000000e+00   2.0000000e+00   1.0000000e+00   1.0000000e+00   2.0000000e+00   2.0000000e+00   1.0000000e+00   2.0000000e+00   1.0000000e+00   2.0000000e+00   2.0000000e+00   1.0000000e+00   2.0000000e+00   1.0000000e+00   2.0000000e+00   1.0000000e+00   1.0000000e+00   1.0000000e+00   2.0000000e+00   2.0000000e+00   2.0000000e+00   1.0000000e+00
   1.0000000e+00   2.0000000e+00   1.0000000e+00   2.0000000e+00   1.0000000e+04   2.0000000e+00   2.0000000e+00   2.0000000e+00   1.0000000e+00   1.0000000e+00   2.0000000e+00   1.0000000e+00   2.0000000e+00   1.0000000e+00   1.0000000e+00   2.0000000e+00   2.0000000e+00   1.0000000e+00   1.0000000e+00   1.0000000e+00   2.0000000e+00   1.0000000e+00   2.0000000e+00   2.0000000e+00   2.0000000e+00   1.0000000e+00   2.0000000e+00   1.0000000e+00   1.0000000e+00   2.0000000e+00
   1.0000000e+00   2.0000000e+00   1.0000000e+00   1.0000000e+00   1.0000000e+00   1.0000000e+04   2.0000000e+00   1.0000000e+00   1.0000000e+00   1.0000000e+00   1.0000000e+00   2.0000000e+00   2.0000000e+00   1.0000000e+00   1.0000000e+00   1.0000000e+00   2.0000000e+00   1.0000000e+00   2.0000000e+00   1.0000000e+00   2.0000000e+00   2.0000000e+00   1.0000000e+00   1.0000000e+00   2.0000000e+00   1.0000000e+00   1.0000000e+00   2.0000000e+00   2.0000000e+00   2.0000000e+00
   2.0000000e+00   1.0000000e+00   2.0000000e+00   2.0000000e+00   1.0000000e+00   1.0000000e+00   1.0000000e+04   1.0000000e+00   2.0000000e+00   2.0000000e+00   1.0000000e+00   1.0000000e+00   2.0000000e+00   2.0000000e+00   2.0000000e+00   2.0000000e+00   2.0000000e+00   1.0000000e+00   1.0000000e+00   2.0000000e+00   2.0000000e+00   1.0000000e+00   2.0000000e+00   1.0000000e+00   1.0000000e+00   1.0000000e+00   2.0000000e+00   2.0000000e+00   2.0000000e+00   2.0000000e+00
   2.0000000e+00   1.0000000e+00   2.0000000e+00   2.0000000e+00   1.0000000e+00   2.0000000e+00   2.0000000e+00   1.0000000e+04   2.0000000e+00   2.0000000e+00   1.0000000e+00   1.0000000e+00   1.0000000e+00   2.0000000e+00   2.0000000e+00   1.0000000e+00   1.0000000e+00   2.0000000e+00   1.0000000e+00   1.0000000e+00   1.0000000e+00   2.0000000e+00   2.0000000e+00   1.0000000e+00   2.0000000e+00   1.0000000e+00   1.0000000e+00   2.0000000e+00   1.0000000e+00   1.0000000e+00
   1.0000000e+00   2.0000000e+00   2.0000000e+00   2.0000000e+00   2.0000000e+00   2.0000000e+00   1.0000000e+00   1.0000000e+00   1.0000000e+04   1.0000000e+00   1.0000000e+00   1.0000000e+00   1.0000000e+00   2.0000000e+00   2.0000000e+00   1.0000000e+00   2.0000000e+00   1.0000000e+00   1.0000000e+00   2.0000000e+00   1.0000000e+00   1.0000000e+00   2.0000000e+00   1.0000000e+00   2.0000000e+00   2.0000000e+00   2.0000000e+00   2.0000000e+00   1.0000000e+00   1.0000000e+00
   2.0000000e+00   1.0000000e+00   1.0000000e+00   1.0000000e+00   2.0000000e+00   1.0000000e+00   1.0000000e+00   2.0000000e+00   1.0000000e+00   1.0000000e+04   1.0000000e+00   1.0000000e+00   2.0000000e+00   2.0000000e+00   2.0000000e+00   1.0000000e+00   2.0000000e+00   2.0000000e+00   1.0000000e+00   1.0000000e+00   2.0000000e+00   2.0000000e+00   2.0000000e+00   1.0000000e+00   2.0000000e+00   1.0000000e+00   2.0000000e+00   2.0000000e+00   2.0000000e+00   2.0000000e+00
   1.0000000e+00   1.0000000e+00   1.0000000e+00   1.0000000e+00   2.0000000e+00   1.0000000e+00   2.0000000e+00   2.0000000e+00   2.0000000e+00   1.0000000e+00   1.0000000e+04   1.0000000e+00   1.0000000e+00   2.0000000e+00   2.0000000e+00   2.0000000e+00   1.0000000e+00   1.0000000e+00   1.0000000e+00   2.0000000e+00   2.0000000e+00   1.0000000e+00   1.0000000e+00   1.0000000e+00   1.0000000e+00   2.0000000e+00   1.0000000e+00   1.0000000e+00   2.0000000e+00   1.0000000e+00
   1.0000000e+00   2.0000000e+00   2.0000000e+00   2.0000000e+00   1.0000000e+00   2.0000000e+00   2.0000000e+00   1.0000000e+00   2.0000000e+00   1.0000000e+00   1.0000000e+00   1.0000000e+04   2.0000000e+00   2.0000000e+00   2.0000000e+00   2.0000000e+00   2.0000000e+00   1.0000000e+00   1.0000000e+00   1.0000000e+00   2.0000000e+00   1.0000000e+00   2.0000000e+00   1.0000000e+00   1.0000000e+00   2.0000000e+00   1.0000000e+00   1.0000000e+00   2.0000000e+00   1.0000000e+00
   1.0000000e+00   1.0000000e+00   1.0000000e+00   1.0000000e+00   2.0000000e+00   2.0000000e+00   2.0000000e+00   2.0000000e+00   2.0000000e+00   1.0000000e+00   1.0000000e+00   2.0000000e+00   1.0000000e+04   1.0000000e+00   1.0000000e+00   2.0000000e+00   2.0000000e+00   1.0000000e+00   2.0000000e+00   2.0000000e+00   1.0000000e+00   1.0000000e+00   1.0000000e+00   1.0000000e+00   2.0000000e+00   2.0000000e+00   2.0000000e+00   2.0000000e+00   2.0000000e+00   2.0000000e+00
   1.0000000e+00   2.0000000e+00   1.0000000e+00   2.0000000e+00   1.0000000e+00   2.0000000e+00   2.0000000e+00   1.0000000e+00   1.0000000e+00   2.0000000e+00   2.0000000e+00   1.0000000e+00   1.0000000e+00   1.0000000e+04   1.0000000e+00   1.0000000e+00   2.0000000e+00   1.0000000e+00   1.0000000e+00   1.0000000e+00   1.0000000e+00   1.0000000e+00   2.0000000e+00   1.0000000e+00   1.0000000e+00   2.0000000e+00   1.0000000e+00   2.0000000e+00   1.0000000e+00   1.0000000e+00
   2.0000000e+00   1.0000000e+00   2.0000000e+00   2.0000000e+00   1.0000000e+00   1.0000000e+00   1.0000000e+00   1.0000000e+00   1.0000000e+00   2.0000000e+00   1.0000000e+00   1.0000000e+00   2.0000000e+00   2.0000000e+00   1.0000000e+04   1.0000000e+00   1.0000000e+00   1.0000000e+00   1.0000000e+00   1.0000000e+00   2.0000000e+00   1.0000000e+00   2.0000000e+00   1.0000000e+00   1.0000000e+00   2.0000000e+00   1.0000000e+00   2.0000000e+00   2.0000000e+00   2.0000000e+00
   2.0000000e+00   1.0000000e+00   1.0000000e+00   2.0000000e+00   2.0000000e+00   2.0000000e+00   2.0000000e+00   1.0000000e+00   1.0000000e+00   1.0000000e+00   1.0000000e+00   2.0000000e+00   1.0000000e+00   2.0000000e+00   1.0000000e+00   1.0000000e+04   1.0000000e+00   2.0000000e+00   2.0000000e+00   1.0000000e+00   1.0000000e+00   2.0000000e+00   1.0000000e+00   1.0000000e+00   1.0000000e+00   2.0000000e+00   2.0000000e+00   1.0000000e+00   1.0000000e+00   2.0000000e+00
   1.0000000e+00   1.0000000e+00   1.0000000e+00   1.0000000e+00   1.0000000e+00   2.0000000e+00   1.0000000e+00   2.0000000e+00   1.0000000e+00   1.0000000e+00   1.0000000e+00   2.0000000e+00   1.0000000e+00   2.0000000e+00   2.0000000e+00   2.0000000e+00   1.0000000e+04   2.0000000e+00   2.0000000e+00   2.0000000e+00   1.0000000e+00   1.0000000e+00   2.0000000e+00   2.0000000e+00   1.0000000e+00   1.0000000e+00   1.0000000e+00   1.0000000e+00   2.0000000e+00   2.0000000e+00
   1.0000000e+00   2.0000000e+00   2.0000000e+00   1.0000000e+00   2.0000000e+00   1.0000000e+00   2.0000000e+00   2.0000000e+00   2.0000000e+00   1.0000000e+00   2.0000000e+00   2.0000000e+00   1.0000000e+00   2.0000000e+00   1.0000000e+00   1.0000000e+00   1.0000000e+00   1.0000000e+04   1.0000000e+00   2.0000000e+00   2.0000000e+00   2.0000000e+00   1.0000000e+00   1.0000000e+00   2.0000000e+00   2.0000000e+00   1.0000000e+00   1.0000000e+00   2.0000000e+00   2.0000000e+00
   2.0000000e+00   2.0000000e+00   1.0000000e+00   1.0000000e+00   2.0000000e+00   1.0000000e+00   2.0000000e+00   2.0000000e+00   1.0000000e+00   1.0000000e+00   1.0000000e+00   2.0000000e+00   2.0000000e+00   2.0000000e+00   1.0000000e+00   2.0000000e+00   2.0000000e+00   2.0000000e+00   1.0000000e+04   1.0000000e+00   1.0000000e+00   1.0000000e+00   1.0000000e+00   2.0000000e+00   2.0000000e+00   2.0000000e+00   1.0000000e+00   1.0000000e+00   1.0000000e+00   2.0000000e+00
   1.0000000e+00   2.0000000e+00   1.0000000e+00   1.0000000e+00   1.0000000e+00   1.0000000e+00   1.0000000e+00   2.0000000e+00   1.0000000e+00   2.0000000e+00   1.0000000e+00   2.0000000e+00   2.0000000e+00   1.0000000e+00   1.0000000e+00   2.0000000e+00   2.0000000e+00   1.0000000e+00   1.0000000e+00   1.0000000e+04   1.0000000e+00   1.0000000e+00   2.0000000e+00   2.0000000e+00   1.0000000e+00   1.0000000e+00   1.0000000e+00   2.0000000e+00   1.0000000e+00   1.0000000e+00
   2.0000000e+00   2.0000000e+00   1.0000000e+00   2.0000000e+00   1.0000000e+00   2.0000000e+00   2.0000000e+00   2.0000000e+00   2.0000000e+00   2.0000000e+00   1.0000000e+00   1.0000000e+00   2.0000000e+00   1.0000000e+00   2.0000000e+00   2.0000000e+00   2.0000000e+00   1.0000000e+00   1.0000000e+00   2.0000000e+00   1.0000000e+04   1.0000000e+00   1.0000000e+00   1.0000000e+00   1.0000000e+00   2.0000000e+00   2.0000000e+00   2.0000000e+00   1.0000000e+00   2.0000000e+00
   2.0000000e+00   1.0000000e+00   1.0000000e+00   2.0000000e+00   2.0000000e+00   2.0000000e+00   2.0000000e+00   1.0000000e+00   1.0000000e+00   1.0000000e+00   2.0000000e+00   1.0000000e+00   2.0000000e+00   2.0000000e+00   1.0000000e+00   2.0000000e+00   2.0000000e+00   2.0000000e+00   1.0000000e+00   1.0000000e+00   2.0000000e+00   1.0000000e+04   1.0000000e+00   1.0000000e+00   1.0000000e+00   1.0000000e+00   1.0000000e+00   1.0000000e+00   2.0000000e+00   1.0000000e+00
   1.0000000e+00   2.0000000e+00   1.0000000e+00   1.0000000e+00   1.0000000e+00   2.0000000e+00   2.0000000e+00   2.0000000e+00   1.0000000e+00   2.0000000e+00   1.0000000e+00   2.0000000e+00   2.0000000e+00   2.0000000e+00   1.0000000e+00   1.0000000e+00   1.0000000e+00   2.0000000e+00   1.0000000e+00   2.0000000e+00   2.0000000e+00   2.0000000e+00   1.0000000e+04   2.0000000e+00   1.0000000e+00   1.0000000e+00   1.0000000e+00   1.0000000e+00   1.0000000e+00   2.0000000e+00
   2.0000000e+00   1.0000000e+00   1.0000000e+00   1.0000000e+00   1.0000000e+00   2.0000000e+00   2.0000000e+00   1.0000000e+00   1.0000000e+00   2.0000000e+00   2.0000000e+00   2.0000000e+00   2.0000000e+00   1.0000000e+00   1.0000000e+00   2.0000000e+00   1.0000000e+00   2.0000000e+00   2.0000000e+00   1.0000000e+00   2.0000000e+00   2.0000000e+00   2.0000000e+00   1.0000000e+04   2.0000000e+00   1.0000000e+00   2.0000000e+00   1.0000000e+00   1.0000000e+00   1.0000000e+00
   2.0000000e+00   2.0000000e+00   2.0000000e+00   2.0000000e+00   2.0000000e+00   2.0000000e+00   2.0000000e+00   2.0000000e+00   2.0000000e+00   1.0000000e+00   1.0000000e+00   1.0000000e+00   1.0000000e+00   1.0000000e+00   1.0000000e+00   1.0000000e+00   2.0000000e+00   2.0000000e+00   2.0000000e+00   2.0000000e+00   2.0000000e+00   1.0000000e+00   2.0000000e+00   2.0000000e+00   1.0000000e+04   2.0000000e+00   1.0000000e+00   1.0000000e+00   1.0000000e+00   1.0000000e+00
   2.0000000e+00   1.0000000e+00   1.0000000e+00   1.0000000e+00   2.0000000e+00   1.0000000e+00   1.0000000e+00   2.0000000e+00   1.0000000e+00   1.0000000e+00   2.0000000e+00   2.0000000e+00   2.0000000e+00   1.0000000e+00   2.0000000e+00   2.0000000e+00   1.0000000e+00   1.0000000e+00   2.0000000e+00   1.0000000e+00   1.0000000e+00   2.0000000e+00   1.0000000e+00   1.0000000e+00   2.0000000e+00   1.0000000e+04   1.0000000e+00   2.0000000e+00   1.0000000e+00   2.0000000e+00
   2.0000000e+00   2.0000000e+00   2.0000000e+00   1.0000000e+00   1.0000000e+00   1.0000000e+00   2.0000000e+00   2.0000000e+00   1.0000000e+00   1.0000000e+00   1.0000000e+00   1.0000000e+00   2.0000000e+00   2.0000000e+00   2.0000000e+00   1.0000000e+00   1.0000000e+00   2.0000000e+00   2.0000000e+00   2.0000000e+00   2.0000000e+00   2.0000000e+00   2.0000000e+00   2.0000000e+00   2.0000000e+00   2.0000000e+00   1.0000000e+04   2.0000000e+00   1.0000000e+00   2.0000000e+00
   1.0000000e+00   1.0000000e+00   2.0000000e+00   2.0000000e+00   1.0000000e+00   1.0000000e+00   2.0000000e+00   2.0000000e+00   2.0000000e+00   1.0000000e+00   2.0000000e+00   1.0000000e+00   1.0000000e+00   1.0000000e+00   2.0000000e+00   2.0000000e+00   1.0000000e+00   1.0000000e+00   2.0000000e+00   1.0000000e+00   2.0000000e+00   1.0000000e+00   2.0000000e+00   2.0000000e+00   1.0000000e+00   2.0000000e+00   1.0000000e+00   1.0000000e+04   2.0000000e+00   2.0000000e+00
   2.0000000e+00   1.0000000e+00   1.0000000e+00   1.0000000e+00   2.0000000e+00   2.0000000e+00   2.0000000e+00   1.0000000e+00   1.0000000e+00   1.0000000e+00   1.0000000e+00   1.0000000e+00   2.0000000e+00   2.0000000e+00   1.0000000e+00   1.0000000e+00   2.0000000e+00   1.0000000e+00   1.0000000e+00   2.0000000e+00   1.0000000e+00   1.0000000e+00   2.0000000e+00   2.0000000e+00   1.0000000e+00   1.0000000e+00   1.0000000e+00   2.0000000e+00   1.0000000e+04   2.0000000e+00
   2.0000000e+00   1.0000000e+00   1.0000000e+00   2.0000000e+00   1.0000000e+00   1.0000000e+00   1.0000000e+00   2.0000000e+00   2.0000000e+00   2.0000000e+00   2.0000000e+00   2.0000000e+00   1.0000000e+00   1.0000000e+00   2.0000000e+00   2.0000000e+00   1.0000000e+00   1.0000000e+00   2.0000000e+00   1.0000000e+00   1.0000000e+00   2.0000000e+00   2.0000000e+00   1.0000000e+00   1.0000000e+00   1.0000000e+00   1.0000000e+00   2.0000000e+00   2.0000000e+00   1.0000000e+04